a1$Date	cumulative_reported_cases	cumulative_unreported_cases	cumulative_removed
2020-03-15	158	757	284
2020-03-16	287	794	493
2020-03-17	533	872	683
2020-03-18	906	989	912
2020-03-19	1429	1157	1219
2020-03-20	2157	1392	1637
2020-03-21	3171	1725	2213
2020-03-22	4585	2195	3015
2020-03-23	6556	2858	4131
2020-03-24	9300	3795	5690
2020-03-25	9354	8888	7868
2020-03-26	9429	16011	10916
2020-03-27	9518	24550	15333
2020-03-28	9620	34512	21187
2020-03-29	9737	46215	28497
2020-03-30	9873	60100	37379
2020-03-31	10033	76684	48052
2020-04-01	10221	96556	60838
2020-04-02	10443	120415	76152
2020-04-03	10706	149098	94506
2020-04-04	11018	183610	116526
2020-04-05	11387	225173	142971
2020-04-06	11825	275277	174760
2020-04-07	12345	335722	213020
2020-04-08	12964	408711	259106
2020-04-09	13700	496906	314673
2020-04-10	14577	603551	381728
2020-04-11	15623	732610	462718
2020-04-12	16873	888891	560612
2020-04-13	18365	1078260	679032
2020-04-14	20150	1307876	822370
2020-04-15	21613	1587126	996005
2020-04-16	23353	1926101	1206483
2020-04-17	25067	2259851	1461797
2020-04-18	26672	2570031	1744662
2020-04-19	28165	2855727	2037419
2020-04-20	29565	3120829	2328185
2020-04-21	30891	3369315	2610510
2020-04-22	32155	3604100	2881579
2020-04-23	33365	3827092	3140519
2020-04-24	34527	4039502	3387448
2020-04-25	35643	4242145	3622842
2020-04-26	36717	4435614	3847304
2020-04-27	37751	4620417	4061435
2020-04-28	38747	4797005	4265800
2020-04-29	39705	4965802	4460917
2020-04-30	40629	5127203	4647287
2020-05-01	41519	5281581	4825369
2020-05-02	42377	5429304	4995582
2020-05-03	43205	5570719	5158340
2020-05-04	47019	5703134	5314038
2020-05-05	50690	5829989	5463029
2020-05-06	54518	5963493	5605546
2020-05-07	58566	6106078	5746117
2020-05-08	62822	6257286	5888588
2020-05-09	67268	6416348	6035339
2020-05-10	71894	6582873	6187655
2020-05-11	76696	6756872	6346248
2020-05-12	81677	6938609	6511578
2020-05-13	86849	7128489	6684066
2020-05-14	92219	7326989	6864104
2020-05-15	97800	7534638	7052127
2020-05-16	103604	7752003	7248610
2020-05-17	109642	7979689	7454061
2020-05-18	114040	8220238	7669021
2020-05-19	118583	8472540	7894074
2020-05-20	123355	8740853	8129914
2020-05-21	128380	9026633	8378462
2020-05-22	133665	9330685	8641450
2020-05-23	139217	9653857	8920288
2020-05-24	145049	9997186	9216196
2020-05-25	151172	10361875	9530314
2020-05-26	157604	10749295	9863814
2020-05-27	164361	11160907	10217968
2020-05-28	171463	11598308	10594072
2020-05-29	178931	12063175	10993551
2020-05-30	186783	12557298	11417935
2020-05-31	195041	13082594	11868855
2020-06-01	203415	13641392	12348009
2020-06-02	212210	14235597	12857254
2020-06-03	221264	14848034	13398554
2020-06-04	230547	15475479	13967224
2020-06-05	240074	16119130	14559064
2020-06-06	249866	16780940	15171753
2020-06-07	259944	17462498	15804463
2020-06-08	270315	18164886	16457187
2020-06-09	280994	18888935	17130291
2020-06-10	291989	19635307	17824336
2020-06-11	303308	20404571	18539877
2020-06-12	314958	21197354	19277529
2020-06-13	326949	22014205	20037876
2020-06-14	339289	22855747	20821492
2020-06-15	351987	23722532	21628986
2020-06-16	365051	24615231	22460957
2020-06-17	378490	25534432	23317986
2020-06-18	392316	26480752	24200708
2020-06-19	406536	27454799	25109763
2020-06-20	421160	28457198	26045732
2020-06-21	436198	29488564	27009253
2020-06-22	451658	30549521	28000948
2020-06-23	467552	31640700	29021438
2020-06-24	483886	32762722	30071355
2020-06-25	500673	33916185	31151306
2020-06-26	517923	35101723	32261962
2020-06-27	535645	36319902	33403934
2020-06-28	553850	37571338	34577807
2020-06-29	572545	38856619	35784213
2020-06-30	591742	40176317	37023797
2020-07-01	611744	41530718	38297103
2020-07-02	632275	42920655	39604755
2020-07-03	653620	44369778	40947327
2020-07-04	675861	45884235	42333449
2020-07-05	699009	47464759	43770893
2020-07-06	723076	49111490	45265055
2020-07-07	748071	50825090	46819464
2020-07-08	774010	52606822	48436695
2020-07-09	800922	54458337	50118882
2020-07-10	828834	56381540	51867996
2020-07-11	857774	58378286	53685950
2020-07-12	887775	60450491	55574714
2020-07-13	918860	62600033	57536201
2020-07-14	951065	64828723	59572380
2020-07-15	984414	67138344	61685092
2020-07-16	1018942	69530619	63876239
2020-07-17	1054677	72007184	66147666
2020-07-18	1091641	74569493	68501095
2020-07-19	1129871	77219102	70938228
2020-07-20	1169390	79957274	73460669
2020-07-21	1210227	82785295	76069987
2020-07-22	1252404	85704181	78767602
2020-07-23	1295953	88714882	81554819
2020-07-24	1340894	91818147	84432859
2020-07-25	1387249	95014638	87402775
2020-07-26	1435047	98304770	90465459
2020-07-27	1484305	101688753	93621687
2020-07-28	1535036	105166670	96872010
2020-07-29	1587274	108738225	100216805
2020-07-30	1641019	112403058	103656322
2020-07-31	1696293	116160445	107190546
2020-08-01	1747607	120015034	110819263
2020-08-02	1800320	123960360	114541959
2020-08-03	1854153	128016375	118358142
2020-08-04	1909028	132186007	122274297
2020-08-05	1964940	136466797	126295467
2020-08-06	2021900	140855321	130424156
2020-08-07	2079913	145348257	134660782
2020-08-08	2138961	149942539	139004491
2020-08-09	2199032	154634920	143453668
2020-08-10	2260104	159421977	148006122
2020-08-11	2322146	164299899	152659163
2020-08-12	2385138	169264432	157409804
2020-08-13	2449026	174310800	162254612
2020-08-14	2513783	179433957	167189586
2020-08-15	2579364	184628388	172210468
2020-08-16	2645718	189888239	177312445
2020-08-17	2712813	195207211	182490413
2020-08-18	2780580	200578690	187738823
2020-08-19	2848980	205995859	193051735
2020-08-20	2917958	211451522	198422883
2020-08-21	2987453	216938290	203845711
2020-08-22	3057409	222448653	209313332
2020-08-23	3127773	227975047	214818542
2020-08-24	3198478	233509710	220354086
2020-08-25	3269465	239044953	225912578
2020-08-26	3340684	244573041	231486395
2020-08-27	3412067	250086380	237067936
2020-08-28	3483551	255577418	242649503
2020-08-29	3555091	261038846	248223463
2020-08-30	3626629	266463520	253782356
2020-08-31	3698101	271844645	259318698
2020-09-01	3780044	277165064	264825289
2020-09-02	3861835	282429221	270295116
2020-09-03	3944946	287861450	275721040
2020-09-04	4029629	293498107	281176471
2020-09-05	4115722	299318744	286722163
2020-09-06	4203022	305295062	292390855
2020-09-07	4291345	311403841	298194184
2020-09-08	4380548	317627218	304131773
2020-09-09	4470507	323950108	310197094
2020-09-10	4561112	330358525	316380641
2020-09-11	4652236	336838144	322671422
2020-09-12	4743758	343374136	329057234
2020-09-13	4835544	349950984	335524920
2020-09-14	4927469	356552364	342060442
2020-09-15	5019404	363161849	348648980
2020-09-16	5111191	369762529	355275099
2020-09-17	5202708	376337664	361922846
2020-09-18	5293816	382870806	368575883
2020-09-19	5384389	389345842	375217897
2020-09-20	5474302	395747362	381832554
2020-09-21	5563422	402060904	388403781
2020-09-22	5651647	408272731	394916038
2020-09-23	5738864	414370472	401354382
2020-09-24	5824982	420342787	407704741
2020-09-25	5909910	426179716	413953901
2020-09-26	5993580	431872637	420089849
2020-09-27	6075923	437414227	426101597
2020-09-28	6156871	442798563	431979471
2020-09-29	6236392	448021028	437714974
2020-09-30	6314453	453078185	443301071
2020-10-01	6390641	457968184	448731865
2020-10-02	6465184	462689727	454002736
2020-10-03	6539359	467421875	459110241
2020-10-04	6613329	472190793	464114441
2020-10-05	6686922	476975495	469063555
2020-10-06	6759922	481748450	473981945
2020-10-07	6832140	486486702	478875924
2020-10-08	6903443	491173046	483741718
2020-10-09	6973726	495794276	488570884
2020-10-10	7042892	500339822	493353212
2020-10-11	7110869	504800595	498078435
2020-10-12	7177593	509168595	502736677
2020-10-13	7243000	513436849	507318637
2020-10-14	7307043	517599096	511815766
2020-10-15	7369680	521650023	516220400
2020-10-16	7430867	525585238	520525620
2020-10-17	7490582	529401158	524725373
2020-10-18	7548803	533095122	528814408
2020-10-19	7605512	536665262	532788450
2020-10-20	7660703	540110498	536643919
2020-10-21	7714381	543430563	540378188
2020-10-22	7766550	546625704	543989434
2020-10-23	7817223	549696872	547476500
2020-10-24	7866412	552645599	550839031
2020-10-25	7914140	555473770	554077224
2020-10-26	7960427	558183777	557191987
2020-10-27	8005306	560778348	560184625
2020-10-28	8048804	563260534	563057033
2020-10-29	8090950	565633498	565811471
2020-10-30	8131784	567900700	568450513
2020-10-31	8171336	570065666	570977025
2020-11-01	8209637	572132087	573394126
2020-11-02	8246733	574103595	575705157
2020-11-03	8282656	575983984	577913550
2020-11-04	8317442	577776969	580022901
2020-11-05	8351134	579486178	582036840
2020-11-06	8383762	581115295	583958979
2020-11-07	8415366	582667887	585792986
2020-11-08	8445980	584147406	587542532
2020-11-09	8475637	585557271	589211169
2020-11-10	8504373	586900749	590802438
2020-11-11	8532218	588181014	592319792
2020-11-12	8559204	589401140	593766614
2020-11-13	8585362	590564075	595146155
2020-11-14	8610727	591672620	596461626
2020-11-15	8635324	592729486	597716031
2020-11-16	8659180	593737243	598912356
2020-11-17	8682322	594698397	600053363
2020-11-18	8704778	595615274	601141836
2020-11-19	8726570	596490106	602180322
2020-11-20	8747720	597325041	603171341
2020-11-21	8768256	598122113	604117229
2020-11-22	8788197	598883237	605020269
2020-11-23	8807566	599610221	605882604
2020-11-24	8826384	600304802	606706276
2020-11-25	8844666	600968647	607493214
2020-11-26	8862432	601603286	608245264
2020-11-27	8879704	602210181	608964206
2020-11-28	8896493	602790740	609651669
2020-11-29	8912820	603346282	610309254
2020-11-30	8928701	603878076	610938437
2020-12-01	8944147	604387279	611540646
2020-12-02	8959175	604875005	612117202
2020-12-03	8973801	605342314	612669392
2020-12-04	8988035	605790227	613198403
2020-12-05	9001889	606219661	613705385
2020-12-06	9015379	606631524	614191395
2020-12-07	9028515	607026659	614657455
2020-12-08	9041307	607405885	615104532
2020-12-09	9053768	607769943	615533558
2020-12-10	9065906	608119551	615945365
2020-12-11	9077731	608455382	616340786
2020-12-12	9089253	608778098	616720585
2020-12-13	9100483	609088300	617085491
2020-12-14	9111429	609386567	617436213
2020-12-15	9122099	609673458	617773409
2020-12-16	9132504	609949466	618097684
2020-12-17	9142647	610215092	618409651
2020-12-18	9152539	610470813	618709849
2020-12-19	9162186	610717048	618998818
2020-12-20	9171598	610954243	619277064
2020-12-21	9180777	611182788	619545058
2020-12-22	9189734	611403044	619803256
2020-12-23	9198472	611615385	620052082
2020-12-24	9207001	611820143	620291947
2020-12-25	9215322	612017649	620523239
2020-12-26	9223445	612208209	620746316
2020-12-27	9231373	612392103	620961546
2020-12-28	9239112	612569615	621169252
2020-12-29	9246667	612741025	621369733
2020-12-30	9254042	612906562	621563312
2020-12-31	9261243	613066478	621750263
